fc = 10e3;